K = [
1.58547e+008 0 -4.03846e+007 1.49573e+006 -7.92735e+007 4.03846e+007 8.07692e+007 0 -7.92735e+007 -4.03846e+007 0 0 0 0 ;
0 1.58547e+008 -1.49573e+006 4.03846e+007 4.03846e+007 -7.92735e+007 0 -8.07692e+007 -4.03846e+007 -7.92735e+007 0 0 0 0 ;
-4.03846e+007 -1.49573e+006 7.92735e+007 -4.03846e+007 0 0 -7.92735e+007 4.03846e+007 4.03846e+007 1.49573e+006 0 0 0 0 ;
1.49573e+006 4.03846e+007 -4.03846e+007 7.92735e+007 0 0 4.03846e+007 -7.92735e+007 -1.49573e+006 -4.03846e+007 0 0 0 0 ;
-7.92735e+007 4.03846e+007 0 0 1.58547e+008 0 -8.07692e+007 0 0 0 -7.92735e+007 -4.03846e+007 0 0 ;
4.03846e+007 -7.92735e+007 0 0 0 1.58547e+008 0 8.07692e+007 0 0 -4.03846e+007 -7.92735e+007 0 0 ;
8.07692e+007 0 -7.92735e+007 4.03846e+007 -8.07692e+007 0 3.17094e+008 0 -8.07692e+007 0 8.07692e+007 0 -7.92735e+007 -4.03846e+007 ;
0 -8.07692e+007 4.03846e+007 -7.92735e+007 0 8.07692e+007 0 3.17094e+008 0 8.07692e+007 0 -8.07692e+007 -4.03846e+007 -7.92735e+007 ;
-7.92735e+007 -4.03846e+007 4.03846e+007 -1.49573e+006 0 0 -8.07692e+007 0 1.58547e+008 0 -7.92735e+007 4.03846e+007 4.03846e+007 1.49573e+006 ;
-4.03846e+007 -7.92735e+007 1.49573e+006 -4.03846e+007 0 0 0 8.07692e+007 0 1.58547e+008 4.03846e+007 -7.92735e+007 -1.49573e+006 -4.03846e+007 ;
0 0 0 0 -7.92735e+007 -4.03846e+007 8.07692e+007 0 -7.92735e+007 4.03846e+007 1.58547e+008 0 -4.03846e+007 -1.49573e+006 ;
0 0 0 0 -4.03846e+007 -7.92735e+007 0 -8.07692e+007 4.03846e+007 -7.92735e+007 0 1.58547e+008 1.49573e+006 4.03846e+007 ;
0 0 0 0 0 0 -7.92735e+007 -4.03846e+007 4.03846e+007 -1.49573e+006 -4.03846e+007 1.49573e+006 7.92735e+007 4.03846e+007 ;
0 0 0 0 0 0 -4.03846e+007 -7.92735e+007 1.49573e+006 -4.03846e+007 -1.49573e+006 4.03846e+007 4.03846e+007 7.92735e+007 ;
];
f = [
0
0
0
-10000
0
0
0
0
0
0
0
0
0
0
];
topo = [
-1 -1 1 2 7 8 5 6 ;
1 2 3 4 9 10 7 8 ;
5 6 7 8 11 12 -1 -1 ;
7 8 9 10 13 14 11 12 ;
];
