K = [
1.58547e+006 0 -403846 14957.3 -792735 403846 807692 0 -792735 -403846 0 0 0 0 ;
0 1.58547e+006 -14957.3 403846 403846 -792735 0 -807692 -403846 -792735 0 0 0 0 ;
-403846 -14957.3 792735 -403846 0 0 -792735 403846 403846 14957.3 0 0 0 0 ;
14957.3 403846 -403846 792735 0 0 403846 -792735 -14957.3 -403846 0 0 0 0 ;
-792735 403846 0 0 1.58547e+006 0 -807692 0 0 0 -792735 -403846 0 0 ;
403846 -792735 0 0 0 1.58547e+006 0 807692 0 0 -403846 -792735 0 0 ;
807692 0 -792735 403846 -807692 0 3.17094e+006 0 -807692 0 807692 0 -792735 -403846 ;
0 -807692 403846 -792735 0 807692 0 3.17094e+006 0 807692 0 -807692 -403846 -792735 ;
-792735 -403846 403846 -14957.3 0 0 -807692 0 1.58547e+006 0 -792735 403846 403846 14957.3 ;
-403846 -792735 14957.3 -403846 0 0 0 807692 0 1.58547e+006 403846 -792735 -14957.3 -403846 ;
0 0 0 0 -792735 -403846 807692 0 -792735 403846 1.58547e+006 0 -403846 -14957.3 ;
0 0 0 0 -403846 -792735 0 -807692 403846 -792735 0 1.58547e+006 14957.3 403846 ;
0 0 0 0 0 0 -792735 -403846 403846 -14957.3 -403846 14957.3 792735 403846 ;
0 0 0 0 0 0 -403846 -792735 14957.3 -403846 -14957.3 403846 403846 792735 ;
];
f = [
0
0
0
-10000
0
0
0
0
0
0
0
0
0
0
];
a = [
0.0318973
0.0075744
-0.0380952
-0.0571429
0.0380878
0.0109077
-0.00309524
-0.012619
0.0571354
-0.020997
0.0571354
-0.0114732
-2.45419e-017
-0.0190476
];
